original_id	new_id
1	0
2	1
3	2
4	3
5	4
6	5
7	6
8	7
9	8
10	9
11	10
12	11
13	12
14	13
15	14
16	15
17	16
18	17
19	18
20	19
21	20
22	21
23	22
24	23
25	24
26	25
27	26
28	27
29	28
31	29
32	30
34	31
36	32
39	33
41	34
42	35
43	36
44	37
45	38
46	39
47	40
48	41
50	42
52	43
57	44
58	45
60	46
61	47
62	48
63	49
64	50
65	51
66	52
68	53
69	54
70	55
71	56
72	57
73	58
74	59
75	60
76	61
79	62
81	63
82	64
85	65
86	66
87	67
88	68
89	69
92	70
93	71
94	72
95	73
97	74
100	75
101	76
102	77
104	78
105	79
107	80
110	81
111	82
112	83
116	84
122	85
125	86
126	87
132	88
135	89
140	90
141	91
144	92
145	93
147	94
150	95
151	96
153	97
154	98
155	99
157	100
158	101
159	102
160	103
161	104
162	105
163	106
164	107
165	108
168	109
169	110
170	111
171	112
172	113
173	114
174	115
175	116
176	117
177	118
180	119
181	120
185	121
186	122
188	123
190	124
191	125
193	126
194	127
195	128
196	129
198	130
203	131
204	132
205	133
207	134
208	135
213	136
215	137
216	138
217	139
218	140
222	141
223	142
224	143
225	144
227	145
229	146
230	147
231	148
232	149
233	150
234	151
235	152
236	153
237	154
239	155
242	156
246	157
247	158
248	159
249	160
250	161
252	162
253	163
255	164
256	165
257	166
258	167
259	168
260	169
261	170
262	171
265	172
266	173
267	174
270	175
272	176
273	177
274	178
275	179
276	180
277	181
280	182
281	183
282	184
288	185
289	186
290	187
292	188
293	189
296	190
300	191
302	192
303	193
305	194
306	195
307	196
308	197
312	198
314	199
315	200
316	201
317	202
318	203
319	204
322	205
325	206
327	207
328	208
329	209
330	210
332	211
333	212
334	213
337	214
338	215
339	216
340	217
342	218
343	219
344	220
345	221
346	222
347	223
348	224
349	225
350	226
351	227
353	228
354	229
355	230
356	231
357	232
358	233
360	234
361	235
362	236
364	237
366	238
367	239
368	240
370	241
371	242
372	243
373	244
374	245
376	246
377	247
378	248
379	249
380	250
381	251
382	252
383	253
390	254
393	255
405	256
407	257
410	258
412	259
413	260
414	261
415	262
416	263
417	264
419	265
420	266
421	267
422	268
423	269
426	270
427	271
428	272
429	273
431	274
432	275
433	276
434	277
435	278
436	279
437	280
438	281
440	282
441	283
442	284
444	285
445	286
446	287
448	288
450	289
453	290
454	291
455	292
457	293
458	294
459	295
464	296
466	297
468	298
469	299
471	300
472	301
473	302
474	303
475	304
477	305
480	306
481	307
482	308
485	309
489	310
490	311
491	312
492	313
493	314
494	315
497	316
500	317
501	318
502	319
505	320
507	321
508	322
509	323
514	324
515	325
516	326
517	327
519	328
520	329
522	330
524	331
527	332
529	333
531	334
532	335
533	336
534	337
535	338
537	339
538	340
539	341
540	342
541	343
542	344
543	345
544	346
546	347
548	348
550	349
551	350
552	351
553	352
555	353
556	354
558	355
562	356
569	357
575	358
580	359
585	360
586	361
587	362
588	363
589	364
590	365
592	366
593	367
594	368
595	369
596	370
597	371
599	372
605	373
608	374
609	375
610	376
611	377
612	378
613	379
616	380
619	381
627	382
628	383
631	384
637	385
640	386
647	387
648	388
653	389
656	390
661	391
662	392
663	393
667	394
671	395
673	396
674	397
678	398
688	399
694	400
697	401
700	402
704	403
707	404
708	405
709	406
710	407
711	408
714	409
719	410
720	411
724	412
725	413
728	414
733	415
735	416
736	417
737	418
741	419
742	420
743	421
745	422
748	423
750	424
761	425
762	426
765	427
778	428
780	429
781	430
782	431
783	432
784	433
785	434
786	435
788	436
798	437
799	438
800	439
801	440
802	441
804	442
805	443
809	444
810	445
813	446
818	447
828	448
829	449
830	450
832	451
833	452
836	453
837	454
838	455
839	456
842	457
848	458
849	459
851	460
852	461
858	462
861	463
866	464
880	465
881	466
886	467
891	468
892	469
898	470
899	471
900	472
901	473
902	474
903	475
904	476
905	477
906	478
908	479
909	480
910	481
911	482
912	483
913	484
914	485
915	486
916	487
918	488
919	489
920	490
921	491
922	492
923	493
924	494
926	495
928	496
930	497
931	498
932	499
933	500
934	501
936	502
938	503
940	504
942	505
943	506
945	507
948	508
949	509
950	510
951	511
952	512
953	513
954	514
955	515
965	516
968	517
969	518
971	519
973	520
986	521
990	522
991	523
994	524
996	525
999	526
1004	527
1005	528
1006	529
1007	530
1009	531
1010	532
1011	533
1012	534
1013	535
1014	536
1015	537
1016	538
1017	539
1018	540
1019	541
1020	542
1021	543
1022	544
1023	545
1024	546
1025	547
1027	548
1028	549
1029	550
1030	551
1031	552
1032	553
1033	554
1034	555
1035	556
1036	557
1037	558
1041	559
1042	560
1043	561
1047	562
1049	563
1050	564
1056	565
1057	566
1059	567
1060	568
1061	569
1064	570
1073	571
1077	572
1078	573
1079	574
1080	575
1081	576
1082	577
1083	578
1084	579
1086	580
1088	581
1089	582
1090	583
1091	584
1092	585
1093	586
1094	587
1095	588
1096	589
1097	590
1100	591
1101	592
1103	593
1104	594
1120	595
1124	596
1125	597
1126	598
1127	599
1128	600
1129	601
1130	602
1131	603
1132	604
1135	605
1136	606
1147	607
1148	608
1171	609
1172	610
1173	611
1175	612
1177	613
1178	614
1179	615
1183	616
1184	617
1185	618
1186	619
1187	620
1188	621
1189	622
1190	623
1191	624
1192	625
1193	626
1194	627
1196	628
1197	629
1198	630
1199	631
1200	632
1201	633
1202	634
1203	635
1204	636
1206	637
1207	638
1208	639
1209	640
1210	641
1211	642
1212	643
1213	644
1214	645
1215	646
1216	647
1217	648
1218	649
1219	650
1220	651
1221	652
1222	653
1223	654
1224	655
1225	656
1226	657
1227	658
1228	659
1230	660
1231	661
1232	662
1233	663
1234	664
1235	665
1237	666
1238	667
1240	668
1241	669
1242	670
1243	671
1244	672
1245	673
1246	674
1247	675
1248	676
1249	677
1250	678
1251	679
1252	680
1253	681
1254	682
1255	683
1256	684
1257	685
1258	686
1259	687
1260	688
1261	689
1262	690
1263	691
1264	692
1265	693
1266	694
1267	695
1268	696
1269	697
1270	698
1271	699
1272	700
1273	701
1274	702
1275	703
1276	704
1277	705
1278	706
1279	707
1280	708
1281	709
1282	710
1283	711
1284	712
1285	713
1286	714
1287	715
1288	716
1289	717
1290	718
1291	719
1292	720
1293	721
1295	722
1296	723
1297	724
1298	725
1299	726
1300	727
1301	728
1302	729
1303	730
1304	731
1306	732
1307	733
1320	734
1321	735
1327	736
1333	737
1334	738
1339	739
1342	740
1343	741
1344	742
1345	743
1346	744
1347	745
1348	746
1350	747
1354	748
1356	749
1357	750
1358	751
1359	752
1361	753
1363	754
1365	755
1366	756
1367	757
1370	758
1371	759
1372	760
1373	761
1374	762
1375	763
1376	764
1377	765
1378	766
1379	767
1380	768
1381	769
1385	770
1387	771
1388	772
1389	773
1390	774
1391	775
1393	776
1394	777
1395	778
1396	779
1399	780
1405	781
1407	782
1408	783
1409	784
1411	785
1414	786
1416	787
1425	788
1429	789
1431	790
1432	791
1438	792
1441	793
1442	794
1445	795
1446	796
1449	797
1454	798
1457	799
1459	800
1461	801
1464	802
1466	803
1468	804
1474	805
1476	806
1479	807
1480	808
1483	809
1485	810
1487	811
1488	812
1498	813
1499	814
1500	815
1513	816
1515	817
1517	818
1518	819
1527	820
1537	821
1541	822
1542	823
1544	824
1552	825
1554	826
1556	827
1562	828
1566	829
1569	830
1573	831
1580	832
1582	833
1584	834
1586	835
1587	836
1588	837
1589	838
1590	839
1591	840
1593	841
1594	842
1597	843
1603	844
1608	845
1610	846
1611	847
1614	848
1615	849
1616	850
1617	851
1619	852
1620	853
1625	854
1627	855
1633	856
1635	857
1639	858
1641	859
1643	860
1644	861
1645	862
1646	863
1653	864
1658	865
1663	866
1665	867
1667	868
1672	869
1673	870
1674	871
1676	872
1678	873
1680	874
1681	875
1682	876
1683	877
1687	878
1688	879
1689	880
1690	881
1693	882
1694	883
1701	884
1702	885
1703	886
1704	887
1707	888
1711	889
1713	890
1717	891
1719	892
1721	893
1722	894
1726	895
1729	896
1732	897
1734	898
1735	899
1747	900
1748	901
1753	902
1754	903
1755	904
1760	905
1762	906
1769	907
1772	908
1777	909
1779	910
1783	911
1784	912
1785	913
1792	914
1797	915
1799	916
1801	917
1805	918
1806	919
1809	920
1810	921
1821	922
1831	923
1833	924
1834	925
1835	926
1840	927
1845	928
1848	929
1855	930
1858	931
1862	932
1863	933
1866	934
1873	935
1875	936
1876	937
1882	938
1883	939
1884	940
1885	941
1889	942
1892	943
1894	944
1895	945
1907	946
1909	947
1911	948
1912	949
1914	950
1916	951
1917	952
1918	953
1919	954
1920	955
1921	956
1923	957
1924	958
1927	959
1931	960
1939	961
1944	962
1945	963
1947	964
1948	965
1949	966
1950	967
1951	968
1952	969
1953	970
1954	971
1955	972
1956	973
1957	974
1958	975
1959	976
1960	977
1961	978
1962	979
1963	980
1964	981
1965	982
1966	983
1967	984
1968	985
1969	986
1970	987
1971	988
1972	989
1973	990
1974	991
1975	992
1976	993
1977	994
1982	995
1983	996
1991	997
1993	998
1994	999
1995	1000
1997	1001
2000	1002
2001	1003
2002	1004
2003	1005
2004	1006
2005	1007
2006	1008
2009	1009
2010	1010
2011	1011
2012	1012
2013	1013
2014	1014
2015	1015
2017	1016
2018	1017
2019	1018
2020	1019
2021	1020
2022	1021
2023	1022
2025	1023
2027	1024
2028	1025
2033	1026
2034	1027
2036	1028
2040	1029
2042	1030
2046	1031
2048	1032
2052	1033
2053	1034
2054	1035
2058	1036
2059	1037
2060	1038
2064	1039
2065	1040
2067	1041
2070	1042
2072	1043
2073	1044
2076	1045
2077	1046
2078	1047
2080	1048
2081	1049
2082	1050
2083	1051
2084	1052
2085	1053
2087	1054
2088	1055
2089	1056
2090	1057
2092	1058
2093	1059
2094	1060
2096	1061
2097	1062
2099	1063
2100	1064
2105	1065
2106	1066
2108	1067
2109	1068
2110	1069
2111	1070
2112	1071
2114	1072
2115	1073
2116	1074
2117	1075
2118	1076
2121	1077
2122	1078
2123	1079
2124	1080
2125	1081
2126	1082
2130	1083
2132	1084
2133	1085
2134	1086
2135	1087
2136	1088
2137	1089
2138	1090
2139	1091
2140	1092
2141	1093
2142	1094
2143	1095
2144	1096
2145	1097
2146	1098
2148	1099
2150	1100
2151	1101
2153	1102
2155	1103
2159	1104
2160	1105
2161	1106
2162	1107
2163	1108
2167	1109
2169	1110
2170	1111
2171	1112
2174	1113
2176	1114
2183	1115
2184	1116
2186	1117
2188	1118
2193	1119
2194	1120
2195	1121
2202	1122
2203	1123
2206	1124
2208	1125
2231	1126
2232	1127
2236	1128
2239	1129
2240	1130
2243	1131
2245	1132
2247	1133
2248	1134
2249	1135
2252	1136
2253	1137
2259	1138
2261	1139
2262	1140
2263	1141
2266	1142
2268	1143
2269	1144
2273	1145
2275	1146
2278	1147
2279	1148
2282	1149
2287	1150
2288	1151
2289	1152
2290	1153
2291	1154
2294	1155
2296	1156
2297	1157
2300	1158
2301	1159
2302	1160
2303	1161
2306	1162
2311	1163
2312	1164
2313	1165
2315	1166
2316	1167
2318	1168
2320	1169
2321	1170
2322	1171
2324	1172
2325	1173
2328	1174
2329	1175
2334	1176
2335	1177
2336	1178
2338	1179
2340	1180
2344	1181
2346	1182
2348	1183
2349	1184
2351	1185
2352	1186
2353	1187
2354	1188
2355	1189
2356	1190
2357	1191
2359	1192
2360	1193
2361	1194
2366	1195
2367	1196
2369	1197
2371	1198
2372	1199
2373	1200
2374	1201
2375	1202
2376	1203
2377	1204
2378	1205
2379	1206
2380	1207
2381	1208
2382	1209
2384	1210
2387	1211
2389	1212
2390	1213
2391	1214
2392	1215
2393	1216
2394	1217
2395	1218
2396	1219
2398	1220
2401	1221
2402	1222
2403	1223
2404	1224
2405	1225
2406	1226
2407	1227
2408	1228
2409	1229
2410	1230
2411	1231
2412	1232
2413	1233
2414	1234
2416	1235
2418	1236
2420	1237
2421	1238
2422	1239
2423	1240
2424	1241
2427	1242
2428	1243
2429	1244
2430	1245
2431	1246
2432	1247
2433	1248
2436	1249
2443	1250
2445	1251
2447	1252
2450	1253
2454	1254
2455	1255
2456	1256
2457	1257
2458	1258
2459	1259
2463	1260
2467	1261
2468	1262
2469	1263
2470	1264
2471	1265
2473	1266
2474	1267
2476	1268
2478	1269
2485	1270
2490	1271
2491	1272
2492	1273
2496	1274
2497	1275
2498	1276
2500	1277
2501	1278
2502	1279
2504	1280
2505	1281
2506	1282
2513	1283
2517	1284
2518	1285
2524	1286
2527	1287
2528	1288
2529	1289
2530	1290
2531	1291
2532	1292
2533	1293
2539	1294
2541	1295
2542	1296
2548	1297
2549	1298
2550	1299
2551	1300
2553	1301
2558	1302
2560	1303
2565	1304
2567	1305
2568	1306
2570	1307
2571	1308
2572	1309
2574	1310
2579	1311
2580	1312
2581	1313
2583	1314
2594	1315
2596	1316
2598	1317
2599	1318
2600	1319
2605	1320
2606	1321
2613	1322
2616	1323
2617	1324
2618	1325
2622	1326
2628	1327
2640	1328
2641	1329
2642	1330
2643	1331
2644	1332
2648	1333
2654	1334
2657	1335
2662	1336
2664	1337
2668	1338
2670	1339
2671	1340
2672	1341
2676	1342
2683	1343
2686	1344
2687	1345
2688	1346
2690	1347
2692	1348
2694	1349
2699	1350
2700	1351
2701	1352
2702	1353
2706	1354
2707	1355
2709	1356
2710	1357
2712	1358
2713	1359
2716	1360
2717	1361
2718	1362
2719	1363
2720	1364
2722	1365
2723	1366
2724	1367
2726	1368
2728	1369
2729	1370
2730	1371
2731	1372
2732	1373
2734	1374
2735	1375
2736	1376
2739	1377
2745	1378
2746	1379
2747	1380
2748	1381
2750	1382
2752	1383
2759	1384
2761	1385
2762	1386
2763	1387
2764	1388
2769	1389
2770	1390
2772	1391
2779	1392
2787	1393
2788	1394
2791	1395
2792	1396
2793	1397
2794	1398
2795	1399
2796	1400
2797	1401
2798	1402
2799	1403
2802	1404
2803	1405
2804	1406
2805	1407
2806	1408
2808	1409
2810	1410
2815	1411
2819	1412
2822	1413
2826	1414
2827	1415
2829	1416
2840	1417
2841	1418
2843	1419
2846	1420
2857	1421
2858	1422
2859	1423
2860	1424
2861	1425
2863	1426
2866	1427
2867	1428
2870	1429
2871	1430
2872	1431
2875	1432
2877	1433
2879	1434
2880	1435
2881	1436
2883	1437
2888	1438
2889	1439
2890	1440
2901	1441
2906	1442
2907	1443
2908	1444
2912	1445
2915	1446
2916	1447
2917	1448
2918	1449
2919	1450
2921	1451
2922	1452
2924	1453
2925	1454
2926	1455
2935	1456
2936	1457
2937	1458
2940	1459
2941	1460
2942	1461
2944	1462
2946	1463
2947	1464
2948	1465
2949	1466
2950	1467
2951	1468
2952	1469
2953	1470
2956	1471
2959	1472
2961	1473
2966	1474
2968	1475
2971	1476
2973	1477
2976	1478
2985	1479
2986	1480
2987	1481
2989	1482
2990	1483
2991	1484
2993	1485
2995	1486
2997	1487
3000	1488
3004	1489
3005	1490
3006	1491
3007	1492
3016	1493
3018	1494
3019	1495
3020	1496
3022	1497
3024	1498
3029	1499
3030	1500
3032	1501
3033	1502
3034	1503
3035	1504
3036	1505
3037	1506
3038	1507
3039	1508
3040	1509
3041	1510
3044	1511
3045	1512
3052	1513
3053	1514
3054	1515
3060	1516
3061	1517
3062	1518
3063	1519
3066	1520
3067	1521
3068	1522
3070	1523
3071	1524
3072	1525
3079	1526
3081	1527
3082	1528
3083	1529
3087	1530
3088	1531
3089	1532
3090	1533
3095	1534
3098	1535
3099	1536
3100	1537
3101	1538
3102	1539
3104	1540
3105	1541
3107	1542
3108	1543
3113	1544
3114	1545
3115	1546
3130	1547
3134	1548
3146	1549
3147	1550
3148	1551
3152	1552
3153	1553
3155	1554
3156	1555
3157	1556
3159	1557
3160	1558
3168	1559
3169	1560
3173	1561
3174	1562
3175	1563
3176	1564
3177	1565
3178	1566
3181	1567
3182	1568
3186	1569
3189	1570
3196	1571
3197	1572
3198	1573
3200	1574
3201	1575
3203	1576
3204	1577
3208	1578
3210	1579
3213	1580
3219	1581
3221	1582
3238	1583
3243	1584
3244	1585
3246	1586
3247	1587
3248	1588
3249	1589
3250	1590
3251	1591
3252	1592
3253	1593
3254	1594
3255	1595
3256	1596
3257	1597
3258	1598
3259	1599
3260	1600
3261	1601
3262	1602
3263	1603
3264	1604
3265	1605
3266	1606
3267	1607
3268	1608
3269	1609
3270	1610
3271	1611
3272	1612
3273	1613
3274	1614
3275	1615
3285	1616
3286	1617
3296	1618
3298	1619
3300	1620
3301	1621
3307	1622
3308	1623
3310	1624
3316	1625
3317	1626
3327	1627
3328	1628
3334	1629
3341	1630
3342	1631
3347	1632
3354	1633
3355	1634
3358	1635
3359	1636
3360	1637
3361	1638
3362	1639
3363	1640
3365	1641
3385	1642
3386	1643
3387	1644
3388	1645
3392	1646
3394	1647
3396	1648
3397	1649
3398	1650
3401	1651
3404	1652
3408	1653
3409	1654
3412	1655
3418	1656
3421	1657
3422	1658
3424	1659
3425	1660
3426	1661
3429	1662
3435	1663
3438	1664
3439	1665
3440	1666
3441	1667
3444	1668
3448	1669
3450	1670
3451	1671
3452	1672
3461	1673
3462	1674
3466	1675
3468	1676
3469	1677
3470	1678
3471	1679
3476	1680
3477	1681
3478	1682
3479	1683
3481	1684
3483	1685
3484	1686
3489	1687
3494	1688
3498	1689
3499	1690
3501	1691
3503	1692
3504	1693
3505	1694
3506	1695
3507	1696
3508	1697
3510	1698
3511	1699
3512	1700
3513	1701
3515	1702
3519	1703
3521	1704
3524	1705
3525	1706
3526	1707
3527	1708
3528	1709
3529	1710
3534	1711
3535	1712
3536	1713
3538	1714
3543	1715
3545	1716
3548	1717
3549	1718
3550	1719
3551	1720
3552	1721
3553	1722
3555	1723
3556	1724
3557	1725
3564	1726
3565	1727
3566	1728
3578	1729
3591	1730
3593	1731
3594	1732
3599	1733
3608	1734
3614	1735
3615	1736
3616	1737
3617	1738
3618	1739
3623	1740
3624	1741
3629	1742
3632	1743
3633	1744
3635	1745
3638	1746
3639	1747
3646	1748
3649	1749
3654	1750
3668	1751
3671	1752
3672	1753
3675	1754
3676	1755
3681	1756
3682	1757
3683	1758
3684	1759
3685	1760
3686	1761
3688	1762
3690	1763
3693	1764
3697	1765
3698	1766
3699	1767
3701	1768
3702	1769
3703	1770
3704	1771
3705	1772
3706	1773
3707	1774
3708	1775
3717	1776
3723	1777
3724	1778
3726	1779
3727	1780
3730	1781
3735	1782
3740	1783
3741	1784
3742	1785
3744	1786
3745	1787
3751	1788
3752	1789
3753	1790
3754	1791
3755	1792
3763	1793
3764	1794
3766	1795
3770	1796
3783	1797
3784	1798
3785	1799
3788	1800
3791	1801
3793	1802
3798	1803
3799	1804
3809	1805
3811	1806
3812	1807
3814	1808
3821	1809
3824	1810
3825	1811
3826	1812
3827	1813
3831	1814
3835	1815
3836	1816
3840	1817
3841	1818
3844	1819
3852	1820
3858	1821
3861	1822
3863	1823
3864	1824
3868	1825
3869	1826
3871	1827
3873	1828
3877	1829
3882	1830
3889	1831
3893	1832
3896	1833
3897	1834
3910	1835
3911	1836
3915	1837
3916	1838
3917	1839
3918	1840
3925	1841
3927	1842
3943	1843
3946	1844
3948	1845
3949	1846
3950	1847
3952	1848
3955	1849
3959	1850
3967	1851
3968	1852
3969	1853
3972	1854
3977	1855
3978	1856
3979	1857
3980	1858
3981	1859
3983	1860
3984	1861
3985	1862
3986	1863
3987	1864
3988	1865
3991	1866
3992	1867
3993	1868
3994	1869
3996	1870
3997	1871
3998	1872
3999	1873
4002	1874
4005	1875
4006	1876
4007	1877
4008	1878
4010	1879
4011	1880
4014	1881
4015	1882
4016	1883
4017	1884
4018	1885
4019	1886
4020	1887
4021	1888
4022	1889
4023	1890
4025	1891
4027	1892
4029	1893
4030	1894
4033	1895
4034	1896
4036	1897
4037	1898
4039	1899
4040	1900
4041	1901
4047	1902
4052	1903
4054	1904
4056	1905
4062	1906
4068	1907
4069	1908
4084	1909
4085	1910
4086	1911
4090	1912
4102	1913
4103	1914
4104	1915
4105	1916
4109	1917
4121	1918
4128	1919
4132	1920
4133	1921
4144	1922
4148	1923
4149	1924
4153	1925
4155	1926
4158	1927
4159	1928
4161	1929
4167	1930
4178	1931
4203	1932
4205	1933
4210	1934
4211	1935
4214	1936
4215	1937
4220	1938
4223	1939
4225	1940
4226	1941
4228	1942
4231	1943
4232	1944
4233	1945
4234	1946
4235	1947
4238	1948
4239	1949
4241	1950
4246	1951
4247	1952
4248	1953
4254	1954
4255	1955
4262	1956
4265	1957
4267	1958
4270	1959
4275	1960
4280	1961
4291	1962
4299	1963
4304	1964
4306	1965
4308	1966
4310	1967
4321	1968
4322	1969
4326	1970
4327	1971
4333	1972
4334	1973
4340	1974
4343	1975
4344	1976
4349	1977
4351	1978
4356	1979
4359	1980
4361	1981
4366	1982
4367	1983
4368	1984
4369	1985
4370	1986
4372	1987
4378	1988
4380	1989
4383	1990
4386	1991
4387	1992
4388	1993
4396	1994
4406	1995
4427	1996
4437	1997
4446	1998
4447	1999
4448	2000
4450	2001
4452	2002
4464	2003
4465	2004
4467	2005
4474	2006
4477	2007
4487	2008
4489	2009
4498	2010
4499	2011
4508	2012
4509	2013
4519	2014
4526	2015
4544	2016
4545	2017
4546	2018
4553	2019
4558	2020
4564	2021
4571	2022
4587	2023
4591	2024
4616	2025
4621	2026
4623	2027
4638	2028
4639	2029
4641	2030
4642	2031
4643	2032
4649	2033
4654	2034
4676	2035
4677	2036
4678	2037
4679	2038
4681	2039
4700	2040
4701	2041
4713	2042
4718	2043
4719	2044
4720	2045
4728	2046
4732	2047
4734	2048
4735	2049
4741	2050
4744	2051
4748	2052
4754	2053
4774	2054
4776	2055
4787	2056
4799	2057
4812	2058
4814	2059
4815	2060
4816	2061
4821	2062
4823	2063
4844	2064
4846	2065
4848	2066
4855	2067
4857	2068
4865	2069
4866	2070
4867	2071
4873	2072
4874	2073
4876	2074
4878	2075
4880	2076
4881	2077
4886	2078
4887	2079
4889	2080
4890	2081
4896	2082
4899	2083
4900	2084
4901	2085
4902	2086
4903	2087
4914	2088
4915	2089
4921	2090
4936	2091
4941	2092
4951	2093
4954	2094
4958	2095
4963	2096
4967	2097
4971	2098
4973	2099
4974	2100
4975	2101
4978	2102
4979	2103
4980	2104
4989	2105
4990	2106
4992	2107
4993	2108
4994	2109
4995	2110
5004	2111
5008	2112
5009	2113
5010	2114
5013	2115
5014	2116
5015	2117
5016	2118
5025	2119
5026	2120
5027	2121
5039	2122
5040	2123
5047	2124
5048	2125
5049	2126
5055	2127
5060	2128
5064	2129
5065	2130
5066	2131
5072	2132
5080	2133
5081	2134
5092	2135
5093	2136
5094	2137
5103	2138
5106	2139
5107	2140
5108	2141
5110	2142
5128	2143
5135	2144
5139	2145
5146	2146
5151	2147
5152	2148
5159	2149
5171	2150
5218	2151
5219	2152
5220	2153
5225	2154
5247	2155
5254	2156
5265	2157
5266	2158
5267	2159
5283	2160
5291	2161
5292	2162
5293	2163
5294	2164
5296	2165
5298	2166
5299	2167
5303	2168
5308	2169
5309	2170
5312	2171
5313	2172
5316	2173
5319	2174
5323	2175
5325	2176
5329	2177
5339	2178
5349	2179
5363	2180
5364	2181
5377	2182
5378	2183
5379	2184
5380	2185
5388	2186
5400	2187
5401	2188
5418	2189
5419	2190
5420	2191
5421	2192
5434	2193
5444	2194
5445	2195
5446	2196
5449	2197
5450	2198
5451	2199
5452	2200
5459	2201
5463	2202
5464	2203
5478	2204
5479	2205
5480	2206
5481	2207
5500	2208
5501	2209
5502	2210
5504	2211
5505	2212
5507	2213
5508	2214
5524	2215
5528	2216
5530	2217
5540	2218
5541	2219
5548	2220
5553	2221
5568	2222
5570	2223
5572	2224
5573	2225
5574	2226
5577	2227
5582	2228
5585	2229
5608	2230
5617	2231
5618	2232
5620	2233
5621	2234
5628	2235
5630	2236
5632	2237
5650	2238
5665	2239
5666	2240
5669	2241
5673	2242
5679	2243
5690	2244
5693	2245
5747	2246
5782	2247
5784	2248
5785	2249
5791	2250
5792	2251
5796	2252
5803	2253
5804	2254
5810	2255
5812	2256
5816	2257
5872	2258
5874	2259
5876	2260
5878	2261
5881	2262
5882	2263
5900	2264
5902	2265
5903	2266
5909	2267
5941	2268
5942	2269
5943	2270
5944	2271
5945	2272
5952	2273
5954	2274
5955	2275
5956	2276
5957	2277
5959	2278
5970	2279
5971	2280
5989	2281
5991	2282
5992	2283
5993	2284
5995	2285
6001	2286
6003	2287
6006	2288
6014	2289
6016	2290
6025	2291
6058	2292
6059	2293
6062	2294
6104	2295
6155	2296
6156	2297
6157	2298
6166	2299
6187	2300
6188	2301
6212	2302
6213	2303
6214	2304
6218	2305
6238	2306
6242	2307
6250	2308
6264	2309
6266	2310
6281	2311
6283	2312
6287	2313
6290	2314
6294	2315
6296	2316
6297	2317
6299	2318
6301	2319
6303	2320
6305	2321
6322	2322
6323	2323
6331	2324
6333	2325
6338	2326
6350	2327
6365	2328
6367	2329
6370	2330
6373	2331
6377	2332
6378	2333
6380	2334
6383	2335
6385	2336
6440	2337
6460	2338
6461	2339
6482	2340
6484	2341
6502	2342
6503	2343
6534	2344
6535	2345
6536	2346
6537	2347
6538	2348
6539	2349
6541	2350
6548	2351
6550	2352
6552	2353
6564	2354
6565	2355
6586	2356
6591	2357
6593	2358
6595	2359
6615	2360
6617	2361
6618	2362
6619	2363
6620	2364
6624	2365
6639	2366
6645	2367
6659	2368
6662	2369
6663	2370
6664	2371
6666	2372
6669	2373
6686	2374
6702	2375
6707	2376
6708	2377
6709	2378
6711	2379
6713	2380
6721	2381
6724	2382
6731	2383
6753	2384
6754	2385
6755	2386
6763	2387
6764	2388
6765	2389
6773	2390
6774	2391
6777	2392
6787	2393
6791	2394
6793	2395
6794	2396
6796	2397
6807	2398
6810	2399
6811	2400
6820	2401
6832	2402
6857	2403
6863	2404
6867	2405
6868	2406
6870	2407
6873	2408
6874	2409
6879	2410
6880	2411
6881	2412
6887	2413
6888	2414
6890	2415
6893	2416
6932	2417
6934	2418
6936	2419
6942	2420
6944	2421
6947	2422
6951	2423
6952	2424
6953	2425
6957	2426
6958	2427
6974	2428
6975	2429
6979	2430
6985	2431
6987	2432
6993	2433
6996	2434
7001	2435
7004	2436
7007	2437
7008	2438
7013	2439
7018	2440
7022	2441
7027	2442
7028	2443
7034	2444
7036	2445
7044	2446
7046	2447
7063	2448
7064	2449
7076	2450
7090	2451
7099	2452
7101	2453
7115	2454
7117	2455
7123	2456
7132	2457
7137	2458
7139	2459
7143	2460
7147	2461
7149	2462
7150	2463
7151	2464
7153	2465
7154	2466
7155	2467
7156	2468
7158	2469
7160	2470
7161	2471
7162	2472
7163	2473
7164	2474
7169	2475
7173	2476
7234	2477
7235	2478
7247	2479
7254	2480
7255	2481
7256	2482
7263	2483
7265	2484
7285	2485
7293	2486
7317	2487
7318	2488
7319	2489
7320	2490
7323	2491
7324	2492
7325	2493
7327	2494
7346	2495
7347	2496
7360	2497
7361	2498
7366	2499
7367	2500
7371	2501
7373	2502
7375	2503
7376	2504
7379	2505
7380	2506
7381	2507
7387	2508
7396	2509
7419	2510
7438	2511
7439	2512
7444	2513
7445	2514
7451	2515
7454	2516
7458	2517
7460	2518
7482	2519
7569	2520
7570	2521
7573	2522
7624	2523
7649	2524
7669	2525
7698	2526
7700	2527
7701	2528
7757	2529
7802	2530
7845	2531
7934	2532
7980	2533
7981	2534
7983	2535
8014	2536
8042	2537
8128	2538
8132	2539
8154	2540
8157	2541
8169	2542
8207	2543
8228	2544
8253	2545
8254	2546
8266	2547
8340	2548
8360	2549
8361	2550
8366	2551
8368	2552
8370	2553
8371	2554
8372	2555
8373	2556
8376	2557
8387	2558
8464	2559
8493	2560
8507	2561
8528	2562
8529	2563
8531	2564
8533	2565
8604	2566
8607	2567
8614	2568
8622	2569
8623	2570
8633	2571
8636	2572
8638	2573
8640	2574
8641	2575
8643	2576
8644	2577
8645	2578
8665	2579
8666	2580
8781	2581
8783	2582
8784	2583
8796	2584
8798	2585
8807	2586
8808	2587
8810	2588
8814	2589
8827	2590
8860	2591
8861	2592
8865	2593
8866	2594
8869	2595
8870	2596
8873	2597
8874	2598
8879	2599
8880	2600
8907	2601
8908	2602
8910	2603
8914	2604
8917	2605
8937	2606
8947	2607
8949	2608
8950	2609
8957	2610
8958	2611
8961	2612
8965	2613
8966	2614
8968	2615
8969	2616
8970	2617
8972	2618
8973	2619
8977	2620
8981	2621
8983	2622
8984	2623
8985	2624
9010	2625
26084	2626
26131	2627
26133	2628
26152	2629
26242	2630
26258	2631
26614	2632
26662	2633
26680	2634
26729	2635
26776	2636
26903	2637
27020	2638
27156	2639
27266	2640
27317	2641
27592	2642
27611	2643
27660	2644
27706	2645
27721	2646
27731	2647
27741	2648
27772	2649
27773	2650
27788	2651
27801	2652
27803	2653
27808	2654
27815	2655
27821	2656
27822	2657
27831	2658
27839	2659
27846	2660
27904	2661
27912	2662
30707	2663
30749	2664
30793	2665
30810	2666
30812	2667
30816	2668
30822	2669
30825	2670
30894	2671
31221	2672
31225	2673
31364	2674
31410	2675
31420	2676
31427	2677
31433	2678
31658	2679
31685	2680
31696	2681
31878	2682
32011	2683
32017	2684
32019	2685
32029	2686
32031	2687
32291	2688
32296	2689
32587	2690
32596	2691
32598	2692
32898	2693
33004	2694
33085	2695
33145	2696
33154	2697
33158	2698
33162	2699
33164	2700
33166	2701
33437	2702
33493	2703
33495	2704
33615	2705
33646	2706
33660	2707
33669	2708
33672	2709
33679	2710
33794	2711
33836	2712
33903	2713
34048	2714
34072	2715
34150	2716
34162	2717
34319	2718
34323	2719
34332	2720
34334	2721
34338	2722
34405	2723
34437	2724
34520	2725
34534	2726
34542	2727
35836	2728
35957	2729
36401	2730
36517	2731
36519	2732
36525	2733
36527	2734
36529	2735
36535	2736
36708	2737
37380	2738
37382	2739
37384	2740
37386	2741
37720	2742
37727	2743
37729	2744
37731	2745
37733	2746
37739	2747
37741	2748
37830	2749
37857	2750
38038	2751
38061	2752
38886	2753
39183	2754
39292	2755
39381	2756
39400	2757
39414	2758
39435	2759
39444	2760
39446	2761
39449	2762
39715	2763
40148	2764
40278	2765
40339	2766
40414	2767
40581	2768
40583	2769
40629	2770
40732	2771
40815	2772
40819	2773
40826	2774
41285	2775
41566	2776
41569	2777
41571	2778
41573	2779
41716	2780
41863	2781
41997	2782
42002	2783
42004	2784
42011	2785
42418	2786
42632	2787
42718	2788
42723	2789
42725	2790
42728	2791
42738	2792
43396	2793
43560	2794
43679	2795
43836	2796
43871	2797
43904	2798
43921	2799
43928	2800
43936	2801
44004	2802
44022	2803
44191	2804
44193	2805
44195	2806
44199	2807
44397	2808
44555	2809
44665	2810
44694	2811
44709	2812
44761	2813
44788	2814
44828	2815
44840	2816
44972	2817
44974	2818
45028	2819
45081	2820
45186	2821
45210	2822
45221	2823
45431	2824
45440	2825
45447	2826
45499	2827
45501	2828
45517	2829
45662	2830
45666	2831
45668	2832
45672	2833
45720	2834
45722	2835
45726	2836
45728	2837
45730	2838
45732	2839
45880	2840
45928	2841
45950	2842
46322	2843
46335	2844
46530	2845
46578	2846
46723	2847
46948	2848
46965	2849
46970	2850
46972	2851
46974	2852
46976	2853
47044	2854
47099	2855
47122	2856
47200	2857
47423	2858
47518	2859
47610	2860
47629	2861
47640	2862
47644	2863
47950	2864
47997	2865
47999	2866
48043	2867
48082	2868
48142	2869
48304	2870
48322	2871
48385	2872
48394	2873
48516	2874
48520	2875
48738	2876
48774	2877
48780	2878
48783	2879
48877	2880
48982	2881
48997	2882
49272	2883
49274	2884
49278	2885
49286	2886
49396	2887
49530	2888
49649	2889
49651	2890
49822	2891
49824	2892
49932	2893
50068	2894
50442	2895
50601	2896
50685	2897
50794	2898
50872	2899
50912	2900
51077	2901
51080	2902
51084	2903
51086	2904
51255	2905
51412	2906
51540	2907
51575	2908
51662	2909
51709	2910
51834	2911
51931	2912
51935	2913
51939	2914
52241	2915
52245	2916
52281	2917
52287	2918
52319	2919
52328	2920
52435	2921
52458	2922
52604	2923
52722	2924
52885	2925
52952	2926
52973	2927
52975	2928
53000	2929
53121	2930
53123	2931
53125	2932
53129	2933
53322	2934
53460	2935
53464	2936
53468	2937
53519	2938
53894	2939
53953	2940
53972	2941
53993	2942
53996	2943
54001	2944
54004	2945
54190	2946
54256	2947
54259	2948
54272	2949
54281	2950
54286	2951
54503	2952
54648	2953
54736	2954
54881	2955
54995	2956
54997	2957
54999	2958
55052	2959
55118	2960
55232	2961
55247	2962
55261	2963
55267	2964
55269	2965
55276	2966
55280	2967
55282	2968
55290	2969
55363	2970
55442	2971
55577	2972
55721	2973
55765	2974
55768	2975
55814	2976
55820	2977
55830	2978
55872	2979
55908	2980
55995	2981
56145	2982
56152	2983
56156	2984
56171	2985
56174	2986
56251	2987
56339	2988
56367	2989
56587	2990
56715	2991
56757	2992
56775	2993
56782	2994
56788	2995
56801	2996
56805	2997
56921	2998
56941	2999
56949	3000
57274	3001
57368	3002
57504	3003
57528	3004
57640	3005
57669	3006
58025	3007
58047	3008
58103	3009
58105	3010
58154	3011
58156	3012
58162	3013
58293	3014
58295	3015
58299	3016
58559	3017
58803	3018
58998	3019
59022	3020
59126	3021
59258	3022
59315	3023
59369	3024
59387	3025
59421	3026
59501	3027
59615	3028
59725	3029
59784	3030
59900	3031
60037	3032
60040	3033
60069	3034
60072	3035
60074	3036
60126	3037
60161	3038
60397	3039
60487	3040
60514	3041
60684	3042
60756	3043
60766	3044
60937	3045
60950	3046
61024	3047
61132	3048
61160	3049
61236	3050
61240	3051
61248	3052
61250	3053
61323	3054
62081	3055
62113	3056
62155	3057
62250	3058
62336	3059
62374	3060
62434	3061
62644	3062
62849	3063
62956	3064
62999	3065
63062	3066
63072	3067
63082	3068
63113	3069
63131	3070
63853	3071
63859	3072
63876	3073
63992	3074
64030	3075
64034	3076
64231	3077
64285	3078
64497	3079
64575	3080
64614	3081
64620	3082
64622	3083
64716	3084
64839	3085
64957	3086
64969	3087
64983	3088
65088	3089
65130	3090
65216	3091
65230	3092
65261	3093
65514	3094
65682	3095
65685	3096
65802	3097
66097	3098
66203	3099
66297	3100
66371	3101
66509	3102
66785	3103
66934	3104
67087	3105
67197	3106
67255	3107
67408	3108
67734	3109
67923	3110
67997	3111
68073	3112
68135	3113
68157	3114
68205	3115
68237	3116
68319	3117
68358	3118
68554	3119
68659	3120
68791	3121
68793	3122
68952	3123
68954	3124
69069	3125
69122	3126
69134	3127
69278	3128
69306	3129
69406	3130
69436	3131
69481	3132
69526	3133
69640	3134
69644	3135
69757	3136
69784	3137
69844	3138
69951	3139
70183	3140
70286	3141
70293	3142
70336	3143
70599	3144
71033	3145
71057	3146
71106	3147
71135	3148
71156	3149
71254	3150
71264	3151
71282	3152
71379	3153
71464	3154
71518	3155
71520	3156
71530	3157
71535	3158
71579	3159
71745	3160
71838	3161
71899	3162
72011	3163
72226	3164
72378	3165
72407	3166
72605	3167
72641	3168
72733	3169
72737	3170
72998	3171
73017	3172
73023	3173
73266	3174
73268	3175
73319	3176
73321	3177
73323	3178
74458	3179
74530	3180
74532	3181
74545	3182
74789	3183
74795	3184
74868	3185
74946	3186
75805	3187
75985	3188
76077	3189
76093	3190
76175	3191
76251	3192
76293	3193
77455	3194
77561	3195
77800	3196
77866	3197
78039	3198
78105	3199
78209	3200
78349	3201
78469	3202
78499	3203
78574	3204
78637	3205
78772	3206
78893	3207
79008	3208
79057	3209
79091	3210
79132	3211
79134	3212
79139	3213
79185	3214
79224	3215
79242	3216
79293	3217
79357	3218
79428	3219
79553	3220
79592	3221
79695	3222
79702	3223
80166	3224
80219	3225
80363	3226
80463	3227
80489	3228
80549	3229
80693	3230
80831	3231
80860	3232
80906	3233
81156	3234
81229	3235
81417	3236
81537	3237
81562	3238
81564	3239
81591	3240
81782	3241
81784	3242
81788	3243
81834	3244
81845	3245
81847	3246
81932	3247
82167	3248
82169	3249
82202	3250
82459	3251
82461	3252
82852	3253
82854	3254
83134	3255
83349	3256
83613	3257
83803	3258
84152	3259
84374	3260
84392	3261
84601	3262
84772	3263
84944	3264
84954	3265
85056	3266
85342	3267
85367	3268
85401	3269
85414	3270
85510	3271
85774	3272
85780	3273
85881	3274
86190	3275
86293	3276
86298	3277
86320	3278
86332	3279
86345	3280
86347	3281
86377	3282
86504	3283
86644	3284
86781	3285
86833	3286
86880	3287
86882	3288
86911	3289
87192	3290
87222	3291
87232	3292
87306	3293
87430	3294
87483	3295
87485	3296
87520	3297
87529	3298
87869	3299
88125	3300
88129	3301
88140	3302
88163	3303
88405	3304
88744	3305
88785	3306
88810	3307
88812	3308
89087	3309
89470	3310
89492	3311
89745	3312
89753	3313
89774	3314
89804	3315
89864	3316
89904	3317
90249	3318
90405	3319
90439	3320
90522	3321
90600	3322
90647	3323
90746	3324
90866	3325
90890	3326
91077	3327
91094	3328
91104	3329
91128	3330
91323	3331
91485	3332
91500	3333
91529	3334
91535	3335
91542	3336
91630	3337
91653	3338
91658	3339
91974	3340
91976	3341
92259	3342
92420	3343
92535	3344
92938	3345
93270	3346
93272	3347
93326	3348
93363	3349
93510	3350
93721	3351
93838	3352
93840	3353
94478	3354
94677	3355
94777	3356
94780	3357
94864	3358
94953	3359
94959	3360
95088	3361
95105	3362
95167	3363
95207	3364
95441	3365
95449	3366
95510	3367
95543	3368
95558	3369
95720	3370
95858	3371
95875	3372
96079	3373
96110	3374
96417	3375
96588	3376
96610	3377
96728	3378
96737	3379
96811	3380
96821	3381
96829	3382
96861	3383
97225	3384
97304	3385
97306	3386
97752	3387
97836	3388
97913	3389
97921	3390
97923	3391
97938	3392
98124	3393
98243	3394
98491	3395
98585	3396
98809	3397
98961	3398
99007	3399
99112	3400
99114	3401
99117	3402
99149	3403
99813	3404
100163	3405
100383	3406
100498	3407
101025	3408
101112	3409
101142	3410
101362	3411
101525	3412
101864	3413
102033	3414
102123	3415
102125	3416
102407	3417
102445	3418
102481	3419
102686	3420
102716	3421
102903	3422
103042	3423
103141	3424
103228	3425
103235	3426
103249	3427
103253	3428
103335	3429
103339	3430
103341	3431
103372	3432
103384	3433
103688	3434
103772	3435
103810	3436
104211	3437
104218	3438
104241	3439
104243	3440
104374	3441
104841	3442
104879	3443
104913	3444
105213	3445
105504	3446
105844	3447
106002	3448
106072	3449
106100	3450
106487	3451
106489	3452
106491	3453
106642	3454
106696	3455
106766	3456
106782	3457
106916	3458
106918	3459
106920	3460
107141	3461
107348	3462
107406	3463
108156	3464
108190	3465
108729	3466
108928	3467
108932	3468
108945	3469
109374	3470
109487	3471
110102	3472
110127	3473
110501	3474
110553	3475
110730	3476
110771	3477
111113	3478
111360	3479
111362	3480
111364	3481
111617	3482
111659	3483
111743	3484
111759	3485
111781	3486
111921	3487
112138	3488
112171	3489
112175	3490
112183	3491
112290	3492
112552	3493
112556	3494
112623	3495
112788	3496
112818	3497
112852	3498
113378	3499
113453	3500
114180	3501
114662	3502
114935	3503
115149	3504
115210	3505
115569	3506
115617	3507
115713	3508
116797	3509
116799	3510
116823	3511
116897	3512
117176	3513
117529	3514
117590	3515
117851	3516
117881	3517
117895	3518
118696	3519
118900	3520
118997	3521
119141	3522
119145	3523
119155	3524
120466	3525
120635	3526
120799	3527
122882	3528
122886	3529
122890	3530
122892	3531
122896	3532
122898	3533
122900	3534
122902	3535
122904	3536
122906	3537
122912	3538
122916	3539
122918	3540
122920	3541
122922	3542
122924	3543
122926	3544
126548	3545
127198	3546
127202	3547
128360	3548
128520	3549
128620	3550
129354	3551
130490	3552
130520	3553
130634	3554
131013	3555
132046	3556
133419	3557
133771	3558
134130	3559
134170	3560
134368	3561
134393	3562
134853	3563
135133	3564
135137	3565
135143	3566
135436	3567
135536	3568
135569	3569
135861	3570
135887	3571
136020	3572
136562	3573
136598	3574
136864	3575
137857	3576
138036	3577
138210	3578
139385	3579
139642	3580
139644	3581
140110	3582
140174	3583
140711	3584
140715	3585
140928	3586
142448	3587
142488	3588
143355	3589
143385	3590
143859	3591
146656	3592
148626	3593
149352	3594
149354	3595
149406	3596
150548	3597
152077	3598
152081	3599
156609	3600
157296	3601
157699	3602
158238	3603
158872	3604
158966	3605
159093	3606
159817	3607
160080	3608
160438	3609
160563	3610
160980	3611
161131	3612
161582	3613
161634	3614
162350	3615
162578	3616
162606	3617
163645	3618
164179	3619
164909	3620
165549	3621
166461	3622
166528	3623
166534	3624
166635	3625
166643	3626
167746	3627
168248	3628
168250	3629
168252	3630
168418	3631
169984	3632
170705	3633
171011	3634
171763	3635
174055	3636
175303	3637
175569	3638
176101	3639
176371	3640
177593	3641
177765	3642
179401	3643
179819	3644
180031	3645
180985	3646
183897	3647
187593	3648
187595	3649
